0.000000 1500
0.000120 1500
0.000240 1500
0.000360 1500
0.000480 1500
0.000600 1500
0.000720 1500
0.000840 1500
0.000960 1500
0.001080 1500
0.001200 1500
0.001320 1500
0.001440 1500
0.001560 1500
0.001680 1500
0.001800 1500
0.001920 1500
0.002040 1500
0.002160 1500
0.002280 1500
0.002400 1500
0.002520 1500
0.002640 1500
0.002760 1500
0.002880 1500
0.003000 1500
0.003120 1500
0.003240 1500
0.003360 1500
0.003480 1500
0.003600 1500
0.003720 1500
0.003840 1500
0.003960 1500
0.004080 1500
0.004200 1500
0.004320 1500
0.004440 1500
0.004560 1500
0.004680 1500
0.004800 1500
0.004920 1500
0.005040 1500
0.005160 1500
0.005280 1500
0.005400 1500
0.005520 1500
0.005640 1500
0.005760 1500
0.005880 1500
0.006000 1500
0.006120 1500
0.006240 1500
0.006360 1500
0.006480 1500
0.006600 1500
0.006720 1500
0.006840 1500
0.006960 1500
0.007080 1500
0.007200 1500
0.007320 1500
0.007440 1500
0.007560 1500
0.007680 1500
0.007800 1500
0.007920 1500
0.008040 1500
0.008160 1500
0.008280 1500
0.008400 1500
0.008520 1500
0.008640 1500
0.008760 1500
0.008880 1500
0.009000 1500
0.009120 1500
0.009240 1500
0.009360 1500
0.009480 1500
0.009600 1500
0.009720 1500
0.009840 1500
0.009960 1500
0.010080 1500
0.010200 1500
0.010320 1500
0.010440 1500
0.010560 1500
0.010680 1500
0.010800 1500
0.010920 1500
0.011040 1500
0.011160 1500
0.011280 1500
0.011400 1500
0.011520 1152
0.040000 1500
0.040120 1500
0.040240 1500
0.040360 1500
0.040480 1500
0.040600 1500
0.040720 1500
0.040840 1500
0.040960 1500
0.041080 1500
0.041200 1500
0.041320 1500
0.041440 736
0.080000 1500
0.080120 1500
0.080240 1500
0.080360 1500
0.080480 1500
0.080600 1500
0.080720 1500
0.080840 1500
0.080960 1500
0.081080 1500
0.081200 1500
0.081320 1500
0.081440 1072
0.120000 1500
0.120120 1500
0.120240 1500
0.120360 1500
0.120480 1500
0.120600 1500
0.120720 1500
0.120840 1500
0.120960 1500
0.121080 1500
0.121200 1500
0.121320 1500
0.121440 1500
0.121560 1500
0.121680 1500
0.121800 1500
0.121920 1500
0.122040 1500
0.122160 1500
0.122280 1500
0.122400 1500
0.122520 1500
0.122640 1500
0.122760 1500
0.122880 1500
0.123000 1500
0.123120 1500
0.123240 1500
0.123360 1500
0.123480 1068
0.160000 1500
0.160120 1500
0.160240 1500
0.160360 1500
0.160480 1500
0.160600 1500
0.160720 1500
0.160840 1500
0.160960 1500
0.161080 1500
0.161200 1500
0.161320 1500
0.161440 1500
0.161560 1500
0.161680 496
0.200000 1500
0.200120 1500
0.200240 1500
0.200360 1500
0.200480 1500
0.200600 1500
0.200720 1500
0.200840 1500
0.200960 1500
0.201080 1500
0.201200 1500
0.201320 1500
0.201440 1500
0.201560 1500
0.201680 936
0.240000 1500
0.240120 1500
0.240240 1500
0.240360 1500
0.240480 1500
0.240600 1500
0.240720 1500
0.240840 1500
0.240960 1500
0.241080 1500
0.241200 1500
0.241320 1500
0.241440 1500
0.241560 1500
0.241680 1500
0.241800 1500
0.241920 1500
0.242040 1500
0.242160 1500
0.242280 1500
0.242400 1500
0.242520 1500
0.242640 1500
0.242760 1500
0.242880 1500
0.243000 1500
0.243120 1500
0.243240 1500
0.243360 1500
0.243480 1500
0.243600 1500
0.243720 1500
0.243840 552
0.280000 1500
0.280120 1500
0.280240 1500
0.280360 1500
0.280480 1500
0.280600 1500
0.280720 1500
0.280840 1500
0.280960 1500
0.281080 1500
0.281200 1500
0.281320 1500
0.281440 1224
0.320000 1500
0.320120 1500
0.320240 1500
0.320360 1500
0.320480 1500
0.320600 1500
0.320720 1500
0.320840 1500
0.320960 1500
0.321080 1500
0.321200 1500
0.321320 1500
0.321440 1500
0.321560 996
0.360000 1500
0.360120 1500
0.360240 1500
0.360360 1500
0.360480 1500
0.360600 1500
0.360720 1500
0.360840 1500
0.360960 1500
0.361080 1500
0.361200 1500
0.361320 1500
0.361440 1500
0.361560 1500
0.361680 1500
0.361800 1500
0.361920 1500
0.362040 1500
0.362160 1500
0.362280 1500
0.362400 1500
0.362520 1500
0.362640 1500
0.362760 1500
0.362880 1500
0.363000 1500
0.363120 1500
0.363240 1500
0.363360 1500
0.363480 1500
0.363600 1500
0.363720 284
0.400000 1500
0.400120 1500
0.400240 1500
0.400360 1500
0.400480 1500
0.400600 1500
0.400720 1500
0.400840 1500
0.400960 1500
0.401080 1500
0.401200 1500
0.401320 1500
0.401440 1500
0.401560 1500
0.401680 976
0.440000 1500
0.440120 1500
0.440240 1500
0.440360 1500
0.440480 1500
0.440600 1500
0.440720 1500
0.440840 1500
0.440960 1500
0.441080 1500
0.441200 1500
0.441320 1500
0.441440 1500
0.441560 1500
0.441680 864
0.480000 1500
0.480120 1500
0.480240 1500
0.480360 1500
0.480480 1500
0.480600 1500
0.480720 1500
0.480840 1500
0.480960 1500
0.481080 1500
0.481200 1500
0.481320 1500
0.481440 1500
0.481560 1500
0.481680 1500
0.481800 1500
0.481920 1500
0.482040 1500
0.482160 1500
0.482280 1500
0.482400 1500
0.482520 1500
0.482640 1500
0.482760 1500
0.482880 1500
0.483000 1500
0.483120 1500
0.483240 1500
0.483360 1500
0.483480 1500
0.483600 1500
0.483720 1500
0.483840 1500
0.483960 1500
0.484080 1500
0.484200 1500
0.484320 1500
0.484440 1500
0.484560 1500
0.484681 1500
0.484801 1500
0.484921 1500
0.485041 1500
0.485161 1500
0.485281 1500
0.485401 1500
0.485521 1500
0.485641 1500
0.485761 1500
0.485881 1500
0.486001 1500
0.486121 1500
0.486241 1500
0.486361 1500
0.486481 1500
0.486601 1500
0.486721 1500
0.486841 1500
0.486961 1500
0.487081 1500
0.487201 1500
0.487321 1500
0.487441 1500
0.487561 1500
0.487681 1500
0.487801 1500
0.487921 1500
0.488041 1500
0.488161 1500
0.488281 1500
0.488401 1500
0.488521 1500
0.488641 1500
0.488761 1500
0.488881 1500
0.489001 1500
0.489121 1500
0.489241 1500
0.489361 1500
0.489481 1500
0.489601 1500
0.489721 1500
0.489841 1500
0.489961 1500
0.490081 1500
0.490201 1500
0.490321 1500
0.490441 1500
0.490561 1500
0.490681 1500
0.490801 1500
0.490921 1500
0.491041 1500
0.491161 1500
0.491281 1500
0.491401 1500
0.491521 1500
0.491641 1500
0.491761 1500
0.491881 1500
0.492001 1500
0.492121 1500
0.492241 1500
0.492361 60
0.520000 1500
0.520120 1500
0.520240 1500
0.520360 1500
0.520480 1500
0.520600 1500
0.520720 1500
0.520840 1500
0.520960 1500
0.521080 1500
0.521200 1500
0.521320 1500
0.521440 1500
0.521560 764
0.560000 1500
0.560120 1500
0.560240 1500
0.560360 1500
0.560480 1500
0.560600 1500
0.560720 1500
0.560840 1500
0.560960 1500
0.561080 1500
0.561200 1500
0.561320 1500
0.561440 1500
0.561560 596
0.600000 1500
0.600120 1500
0.600240 1500
0.600360 1500
0.600480 1500
0.600600 1500
0.600720 1500
0.600840 1500
0.600960 1500
0.601080 1500
0.601200 1500
0.601320 1500
0.601440 1500
0.601560 1500
0.601680 1500
0.601800 1500
0.601920 1500
0.602040 1500
0.602160 1500
0.602280 1500
0.602400 1500
0.602520 1500
0.602640 1500
0.602760 1500
0.602880 1500
0.603000 1500
0.603120 1500
0.603240 1500
0.603360 1500
0.603480 1500
0.603600 1500
0.603720 612
0.640000 1500
0.640120 1500
0.640240 1500
0.640360 1500
0.640480 1500
0.640600 1500
0.640720 1500
0.640840 1500
0.640960 1500
0.641080 1500
0.641200 1500
0.641320 1500
0.641440 1500
0.641560 1500
0.641680 1500
0.641800 780
0.680000 1500
0.680120 1500
0.680240 1500
0.680360 1500
0.680480 1500
0.680600 1500
0.680720 1500
0.680840 1500
0.680960 1500
0.681080 1500
0.681200 1500
0.681320 1500
0.681440 1500
0.681560 1500
0.681680 1500
0.681800 148
0.720000 1500
0.720120 1500
0.720240 1500
0.720360 1500
0.720480 1500
0.720600 1500
0.720720 1500
0.720840 1500
0.720960 1500
0.721080 1500
0.721200 1500
0.721320 1500
0.721440 1500
0.721560 1500
0.721680 1500
0.721800 1500
0.721920 1500
0.722040 1500
0.722160 1500
0.722280 1500
0.722400 1500
0.722520 1500
0.722640 1500
0.722760 1500
0.722880 1500
0.723000 1500
0.723120 1500
0.723240 1500
0.723360 1500
0.723480 1500
0.723600 1500
0.723720 1500
0.723840 1500
0.723960 1500
0.724080 1000
0.760000 1500
0.760120 1500
0.760240 1500
0.760360 1500
0.760480 1500
0.760600 1500
0.760720 1500
0.760840 1500
0.760960 1500
0.761080 1500
0.761200 1500
0.761320 1500
0.761440 1500
0.761560 988
0.800000 1500
0.800120 1500
0.800240 1500
0.800360 1500
0.800480 1500
0.800600 1500
0.800720 1500
0.800840 1500
0.800960 1500
0.801080 1500
0.801200 1500
0.801320 1500
0.801440 1500
0.801560 284
0.840000 1500
0.840120 1500
0.840240 1500
0.840360 1500
0.840480 1500
0.840600 1500
0.840720 1500
0.840840 1500
0.840960 1500
0.841080 1500
0.841200 1500
0.841320 1500
0.841440 1500
0.841560 1500
0.841680 1500
0.841800 1500
0.841920 1500
0.842040 1500
0.842160 1500
0.842280 1500
0.842400 1500
0.842520 1500
0.842640 1500
0.842760 1500
0.842880 1500
0.843000 1500
0.843120 1500
0.843240 1500
0.843360 1500
0.843480 1500
0.843600 784
0.880000 1500
0.880120 1500
0.880240 1500
0.880360 1500
0.880480 1500
0.880600 1500
0.880720 1500
0.880840 1500
0.880960 1500
0.881080 1500
0.881200 1500
0.881320 1500
0.881440 1500
0.881560 1500
0.881680 1500
0.881800 332
0.920000 1500
0.920120 1500
0.920240 1500
0.920360 1500
0.920480 1500
0.920600 1500
0.920720 1500
0.920840 1500
0.920960 1500
0.921080 1500
0.921200 1500
0.921320 1500
0.921440 1500
0.921560 1500
0.921680 1500
0.921800 652
0.960000 1500
0.960120 1500
0.960240 1500
0.960360 1500
0.960480 1500
0.960600 1500
0.960720 1500
0.960840 1500
0.960960 1500
0.961080 1500
0.961200 1500
0.961320 1500
0.961440 1500
0.961560 1500
0.961680 1500
0.961800 1500
0.961920 1500
0.962040 1500
0.962160 1500
0.962280 1500
0.962400 1500
0.962520 1500
0.962640 1500
0.962760 1500
0.962880 1500
0.963000 1500
0.963120 1500
0.963240 1500
0.963360 1500
0.963480 1500
0.963600 1500
0.963720 1500
0.963840 1500
0.963960 1500
0.964080 1500
0.964200 1500
0.964320 1500
0.964440 1500
0.964560 1500
0.964680 1500
0.964800 1500
0.964920 1500
0.965040 1500
0.965160 1500
0.965280 1500
0.965400 1500
0.965519 1500
0.965639 1500
0.965759 1500
0.965879 1500
0.965999 1500
0.966119 1500
0.966239 1500
0.966359 1500
0.966479 1500
0.966599 1500
0.966719 1500
0.966839 1500
0.966959 1500
0.967079 1500
0.967199 1500
0.967319 1500
0.967439 1500
0.967559 1500
0.967679 1500
0.967799 1500
0.967919 1500
0.968039 1500
0.968159 1500
0.968279 1500
0.968399 1500
0.968519 1500
0.968639 1500
0.968759 1500
0.968879 1500
0.968999 1500
0.969119 1500
0.969239 1500
0.969359 1500
0.969479 1500
0.969599 1500
0.969719 1500
0.969839 1500
0.969959 1500
0.970079 1500
0.970199 1500
0.970319 1500
0.970439 1500
0.970559 1500
0.970679 1500
0.970799 1500
0.970919 1500
0.971039 1500
0.971159 1500
0.971279 1500
0.971399 1500
0.971519 1500
0.971639 1500
0.971759 1500
0.971879 1500
0.971999 1500
0.972119 1500
0.972239 1500
0.972359 1028
1.000000 1500
1.000120 1500
1.000240 1500
1.000360 1500
1.000480 1500
1.000600 1500
1.000721 1500
1.000841 1500
1.000961 1500
1.001081 1500
1.001201 1500
1.001321 1500
1.001441 1500
1.001561 1500
1.001681 552
1.040000 1500
1.040120 1500
1.040240 1500
1.040360 1500
1.040480 1500
1.040600 1500
1.040720 1500
1.040841 1500
1.040961 1500
1.041081 1500
1.041201 1500
1.041321 1500
1.041441 1500
1.041561 1500
1.041681 1232
1.080000 1500
1.080120 1500
1.080240 1500
1.080360 1500
1.080480 1500
1.080600 1500
1.080720 1500
1.080840 1500
1.080961 1500
1.081081 1500
1.081201 1500
1.081321 1500
1.081441 1500
1.081561 1500
1.081681 1500
1.081801 1500
1.081921 1500
1.082041 1500
1.082161 1500
1.082281 1500
1.082401 1500
1.082521 1500
1.082641 1500
1.082761 1500
1.082881 1500
1.083001 1500
1.083121 1500
1.083241 1500
1.083361 904
1.120000 1500
1.120120 1500
1.120240 1500
1.120360 1500
1.120480 1500
1.120600 1500
1.120720 1500
1.120840 1500
1.120960 1500
1.121081 1500
1.121201 1500
1.121321 1500
1.121441 624
1.160000 1500
1.160120 1500
1.160240 1500
1.160360 1500
1.160480 1500
1.160600 1500
1.160720 1500
1.160840 1500
1.160960 1500
1.161080 1500
1.161201 1500
1.161321 1500
1.161441 232
1.200000 1500
1.200120 1500
1.200240 1500
1.200360 1500
1.200480 1500
1.200600 1500
1.200720 1500
1.200840 1500
1.200960 1500
1.201080 1500
1.201200 1500
1.201321 1500
1.201441 1500
1.201561 1500
1.201681 1500
1.201801 1500
1.201921 1500
1.202041 1500
1.202161 1500
1.202281 1500
1.202401 1500
1.202521 1500
1.202641 1500
1.202761 1500
1.202881 1500
1.203001 1500
1.203121 1500
1.203241 228
1.240000 1500
1.240120 1500
1.240240 1500
1.240360 1500
1.240480 1500
1.240600 1500
1.240720 1500
1.240840 1500
1.240960 1500
1.241080 1500
1.241200 1500
1.241320 1500
1.241441 1500
1.241561 1500
1.241681 32
1.280000 1500
1.280120 1500
1.280240 1500
1.280360 1500
1.280480 1500
1.280600 1500
1.280720 1500
1.280840 1500
1.280960 1500
1.281080 1500
1.281200 1500
1.281320 1500
1.281440 1500
1.281561 1500
1.281681 520
1.320000 1500
1.320120 1500
1.320240 1500
1.320360 1500
1.320480 1500
1.320600 1500
1.320720 1500
1.320840 1500
1.320960 1500
1.321080 1500
1.321200 1500
1.321320 1500
1.321440 1500
1.321561 1500
1.321681 1500
1.321801 1500
1.321921 1500
1.322041 1500
1.322161 1500
1.322281 1500
1.322401 1500
1.322521 1500
1.322641 1500
1.322761 1500
1.322881 1500
1.323001 1500
1.323121 1500
1.323241 1500
1.323361 1500
1.323481 12
1.360000 1500
1.360120 1500
1.360240 1500
1.360360 1500
1.360480 1500
1.360600 1500
1.360720 1500
1.360840 1500
1.360960 1500
1.361080 1500
1.361200 1500
1.361320 1500
1.361440 1456
1.400000 1500
1.400120 1500
1.400240 1500
1.400360 1500
1.400480 1500
1.400600 1500
1.400720 1500
1.400840 1500
1.400960 1500
1.401080 1500
1.401200 1500
1.401320 1500
1.401440 1232
1.440000 1500
1.440120 1500
1.440240 1500
1.440360 1500
1.440480 1500
1.440600 1500
1.440720 1500
1.440840 1500
1.440960 1500
1.441080 1500
1.441200 1500
1.441320 1500
1.441440 1500
1.441560 1500
1.441680 1500
1.441800 1500
1.441921 1500
1.442041 1500
1.442161 1500
1.442281 1500
1.442401 1500
1.442521 1500
1.442641 1500
1.442761 1500
1.442881 1500
1.443001 1500
1.443121 1500
1.443241 1500
1.443361 1500
1.443481 1500
1.443601 1500
1.443721 1500
1.443841 1500
1.443961 1500
1.444081 1500
1.444201 1500
1.444321 1500
1.444441 1500
1.444561 1500
1.444682 1500
1.444802 1500
1.444922 1500
1.445042 1500
1.445162 1500
1.445282 1500
1.445402 1500
1.445522 1500
1.445642 1500
1.445762 1500
1.445882 1500
1.446002 1500
1.446122 1500
1.446242 1500
1.446362 1500
1.446482 1500
1.446602 1500
1.446722 1500
1.446842 1500
1.446962 1500
1.447082 1500
1.447202 1500
1.447322 1500
1.447443 1500
1.447563 1500
1.447683 1500
1.447803 1500
1.447923 1500
1.448043 1500
1.448163 1500
1.448283 1500
1.448403 1500
1.448523 1500
1.448643 1500
1.448763 1500
1.448883 1500
1.449003 1500
1.449123 1500
1.449243 1500
1.449363 1500
1.449483 1500
1.449603 1500
1.449723 1500
1.449843 1500
1.449963 1500
1.450083 1500
1.450204 1500
1.450324 1500
1.450444 1500
1.450564 1500
1.450684 1500
1.450804 1500
1.450924 1500
1.451044 1500
1.451164 1500
1.451284 1500
1.451404 1500
1.451524 1500
1.451644 1500
1.451764 1500
1.451884 1500
1.452004 1500
1.452124 1500
1.452244 1500
1.452364 1500
1.452484 512
1.480000 1500
1.480120 1500
1.480240 1500
1.480360 1500
1.480480 1500
1.480600 1500
1.480720 1500
1.480840 1500
1.480960 1500
1.481080 1500
1.481200 1500
1.481320 1500
1.481440 1500
1.481560 1476
1.520000 1500
1.520120 1500
1.520240 1500
1.520360 1500
1.520480 1500
1.520600 1500
1.520720 1500
1.520840 1500
1.520960 1500
1.521080 1500
1.521200 1500
1.521320 1500
1.521440 1500
1.521560 1444
1.560000 1500
1.560120 1500
1.560240 1500
1.560360 1500
1.560480 1500
1.560600 1500
1.560720 1500
1.560840 1500
1.560960 1500
1.561080 1500
1.561200 1500
1.561320 1500
1.561440 1500
1.561560 1500
1.561680 1500
1.561800 1500
1.561920 1500
1.562040 1500
1.562160 1500
1.562281 1500
1.562401 1500
1.562521 1500
1.562641 1500
1.562761 1500
1.562881 1500
1.563001 1500
1.563121 1500
1.563241 1500
1.563361 408
1.600000 1500
1.600120 1500
1.600240 1500
1.600360 1500
1.600480 1500
1.600600 1500
1.600720 1500
1.600840 1500
1.600960 1500
1.601080 1500
1.601200 1500
1.601320 1500
1.601440 1500
1.601560 1500
1.601680 616
1.640000 1500
1.640120 1500
1.640240 1500
1.640360 1500
1.640480 1500
1.640600 1500
1.640720 1500
1.640840 1500
1.640960 1500
1.641080 1500
1.641200 1500
1.641320 1500
1.641440 1500
1.641560 1500
1.641680 352
1.680000 1500
1.680120 1500
1.680240 1500
1.680360 1500
1.680480 1500
1.680600 1500
1.680720 1500
1.680840 1500
1.680960 1500
1.681080 1500
1.681200 1500
1.681320 1500
1.681440 1500
1.681560 1500
1.681680 1500
1.681800 1500
1.681920 1500
1.682040 1500
1.682160 1500
1.682280 1500
1.682400 1500
1.682521 1500
1.682641 1500
1.682761 1500
1.682881 1500
1.683001 1500
1.683121 1500
1.683241 1500
1.683361 784
1.720000 1500
1.720120 1500
1.720240 1500
1.720360 1500
1.720480 1500
1.720600 1500
1.720720 1500
1.720840 1500
1.720960 1500
1.721080 1500
1.721200 1500
1.721320 1500
1.721440 1500
1.721560 724
1.760000 1500
1.760120 1500
1.760240 1500
1.760360 1500
1.760480 1500
1.760600 1500
1.760720 1500
1.760840 1500
1.760960 1500
1.761080 1500
1.761200 1500
1.761320 1500
1.761440 1500
1.761560 884
1.799999 1500
1.800120 1500
1.800240 1500
1.800360 1500
1.800480 1500
1.800600 1500
1.800720 1500
1.800840 1500
1.800960 1500
1.801080 1500
1.801200 1500
1.801320 1500
1.801440 1500
1.801560 1500
1.801680 1500
1.801800 1500
1.801920 1500
1.802040 1500
1.802160 1500
1.802280 1500
1.802400 1500
1.802520 1500
1.802640 1500
1.802760 1500
1.802881 1500
1.803001 1500
1.803121 1500
1.803241 1500
1.803361 304
1.839999 1500
1.840119 1500
1.840240 1500
1.840360 1500
1.840480 1500
1.840600 1500
1.840720 1500
1.840840 1500
1.840960 1500
1.841080 1500
1.841200 1500
1.841320 1500
1.841440 1500
1.841560 1500
1.841680 832
1.879999 1500
1.880119 1500
1.880239 1500
1.880360 1500
1.880480 1500
1.880600 1500
1.880720 1500
1.880840 1500
1.880960 1500
1.881080 1500
1.881200 1500
1.881320 1500
1.881440 1500
1.881560 1500
1.881680 976
1.919999 1500
1.920119 1500
1.920239 1500
1.920359 1500
1.920480 1500
1.920600 1500
1.920720 1500
1.920840 1500
1.920960 1500
1.921080 1500
1.921200 1500
1.921320 1500
1.921440 1500
1.921560 1500
1.921680 1500
1.921800 1500
1.921920 1500
1.922040 1500
1.922160 1500
1.922280 1500
1.922400 1500
1.922520 1500
1.922640 1500
1.922760 1500
1.922880 1500
1.923000 1500
1.923120 1500
1.923241 1500
1.923361 1500
1.923481 1500
1.923601 1500
1.923721 1500
1.923841 1500
1.923961 1500
1.924081 1500
1.924201 1500
1.924321 1500
1.924441 1500
1.924561 1500
1.924681 1500
1.924801 1500
1.924921 1500
1.925041 1500
1.925161 1500
1.925281 1500
1.925401 1500
1.925521 1500
1.925641 1500
1.925761 1500
1.925882 1500
1.926002 1500
1.926122 1500
1.926242 1500
1.926362 1500
1.926482 1500
1.926602 1500
1.926722 1500
1.926842 1500
1.926962 1500
1.927082 1500
1.927202 1500
1.927322 1500
1.927442 1500
1.927562 1500
1.927682 1500
1.927802 1500
1.927922 1500
1.928042 1500
1.928162 1500
1.928282 1500
1.928402 1500
1.928522 1500
1.928643 1500
1.928763 1500
1.928883 1500
1.929003 1500
1.929123 1500
1.929243 1500
1.929363 1500
1.929483 1500
1.929603 1500
1.929723 1500
1.929843 1500
1.929963 1500
1.930083 1500
1.930203 1500
1.930323 1500
1.930443 1500
1.930563 1500
1.930683 1500
1.930803 1500
1.930923 1500
1.931043 1500
1.931163 1500
1.931283 1500
1.931404 1500
1.931524 1500
1.931644 1500
1.931764 1500
1.931884 1500
1.932004 1500
1.932124 1500
1.932244 1500
1.932364 1340
1.959999 1500
1.960119 1500
1.960239 1500
1.960359 1500
1.960479 1500
1.960600 1500
1.960720 1500
1.960840 1500
1.960960 1500
1.961080 1500
1.961200 1500
1.961320 1500
1.961440 1500
1.961560 60
1.999999 1500
2.000119 1500
2.000239 1500
2.000359 1500
2.000479 1500
2.000599 1500
2.000719 1500
2.000839 1500
2.000959 1500
2.001079 1500
2.001199 1500
2.001318 1500
2.001438 1500
2.001558 140
2.039999 1500
2.040119 1500
2.040239 1500
2.040359 1500
2.040479 1500
2.040599 1500
2.040719 1500
2.040839 1500
2.040959 1500
2.041079 1500
2.041198 1500
2.041318 1500
2.041438 1500
2.041558 1500
2.041678 1500
2.041798 1500
2.041918 1500
2.042038 1500
2.042158 1500
2.042278 1500
2.042398 1500
2.042518 1500
2.042638 1500
2.042758 1500
2.042877 1500
2.042997 1500
2.043117 1500
2.043237 1500
2.043357 1500
2.043477 100
2.079999 1500
2.080119 1500
2.080239 1500
2.080359 1500
2.080479 1500
2.080599 1500
2.080719 1500
2.080839 1500
2.080959 1500
2.081079 1500
2.081198 1500
2.081318 1500
2.081438 1500
2.081558 1500
2.081678 1500
2.081798 852
2.119999 1500
2.120119 1500
2.120239 1500
2.120359 1500
2.120479 1500
2.120599 1500
2.120719 1500
2.120839 1500
2.120959 1500
2.121078 1500
2.121198 1500
2.121318 1500
2.121438 1500
2.121558 1500
2.121678 184
2.159999 1500
2.160119 1500
2.160239 1500
2.160359 1500
2.160479 1500
2.160599 1500
2.160719 1500
2.160839 1500
2.160959 1500
2.161078 1500
2.161198 1500
2.161318 1500
2.161438 1500
2.161558 1500
2.161678 1500
2.161798 1500
2.161918 1500
2.162038 1500
2.162158 1500
2.162278 1500
2.162398 1500
2.162518 1500
2.162637 1500
2.162757 1500
2.162877 1500
2.162997 1500
2.163117 1500
2.163237 1500
2.163357 1500
2.163477 1500
2.163597 1064
2.199999 1500
2.200119 1500
2.200239 1500
2.200359 1500
2.200479 1500
2.200599 1500
2.200719 1500
2.200839 1500
2.200958 1500
2.201078 1500
2.201198 1500
2.201318 1500
2.201438 1500
2.201558 1500
2.201678 1500
2.201798 1164
2.239999 1500
2.240119 1500
2.240239 1500
2.240359 1500
2.240479 1500
2.240599 1500
2.240719 1500
2.240839 1500
2.240958 1500
2.241078 1500
2.241198 1500
2.241318 1500
2.241438 1500
2.241558 1500
2.241678 1280
2.279999 1500
2.280119 1500
2.280239 1500
2.280359 1500
2.280479 1500
2.280599 1500
2.280719 1500
2.280838 1500
2.280958 1500
2.281078 1500
2.281198 1500
2.281318 1500
2.281438 1500
2.281558 1500
2.281678 1500
2.281798 1500
2.281918 1500
2.282038 1500
2.282158 1500
2.282278 1500
2.282398 1500
2.282517 1500
2.282637 1500
2.282757 1500
2.282877 1500
2.282997 1500
2.283117 1500
2.283237 1500
2.283357 1500
2.283477 1500
2.283597 640
2.319999 1500
2.320119 1500
2.320239 1500
2.320359 1500
2.320479 1500
2.320599 1500
2.320719 1500
2.320838 1500
2.320958 1500
2.321078 1500
2.321198 1500
2.321318 1500
2.321438 1312
2.359999 1500
2.360119 1500
2.360239 1500
2.360359 1500
2.360479 1500
2.360599 1500
2.360718 1500
2.360838 1500
2.360958 1500
2.361078 1500
2.361198 1500
2.361318 1428
2.399999 1500
2.400119 1500
2.400239 1500
2.400359 1500
2.400479 1500
2.400599 1500
2.400718 1500
2.400838 1500
2.400958 1500
2.401078 1500
2.401198 1500
2.401318 1500
2.401438 1500
2.401558 1500
2.401678 1500
2.401798 1500
2.401918 1500
2.402038 1500
2.402158 1500
2.402277 1500
2.402397 1500
2.402517 1500
2.402637 1500
2.402757 1500
2.402877 1500
2.402997 1500
2.403117 1500
2.403237 1500
2.403357 1500
2.403477 1500
2.403597 1500
2.403717 1500
2.403836 1500
2.403956 1500
2.404076 1500
2.404196 1500
2.404316 1500
2.404436 1500
2.404556 1500
2.404676 1500
2.404796 1500
2.404916 1500
2.405036 1500
2.405156 1500
2.405276 1500
2.405396 1500
2.405515 1500
2.405635 1500
2.405755 1500
2.405875 1500
2.405995 1500
2.406115 1500
2.406235 1500
2.406355 1500
2.406475 1500
2.406595 1500
2.406715 1500
2.406835 1500
2.406955 1500
2.407074 1500
2.407194 1500
2.407314 1500
2.407434 1500
2.407554 1500
2.407674 1500
2.407794 1500
2.407914 1500
2.408034 1500
2.408154 1500
2.408274 1500
2.408394 1500
2.408514 1500
2.408633 1500
2.408753 1500
2.408873 1500
2.408993 1500
2.409113 1500
2.409233 1500
2.409353 1500
2.409473 1500
2.409593 1500
2.409713 1500
2.409833 1500
2.409953 1500
2.410073 1500
2.410192 1500
2.410312 1500
2.410432 1500
2.410552 1500
2.410672 1500
2.410792 1500
2.410912 1500
2.411032 1500
2.411152 1500
2.411272 1500
2.411392 1500
2.411512 1500
2.411632 1500
2.411752 1500
2.411871 1500
2.411991 1500
2.412111 1500
2.412231 1500
2.412351 604
2.439999 1500
2.440119 1500
2.440239 1500
2.440359 1500
2.440479 1500
2.440598 1500
2.440718 1500
2.440838 1500
2.440958 1500
2.441078 1500
2.441198 1500
2.441318 1500
2.441438 1500
2.441558 1500
2.441678 808
2.479999 1500
2.480119 1500
2.480239 1500
2.480359 1500
2.480479 1500
2.480598 1500
2.480718 1500
2.480838 1500
2.480958 1500
2.481078 1500
2.481198 1500
2.481318 1500
2.481438 1500
2.481558 1500
2.481678 1240
2.519999 1500
2.520119 1500
2.520239 1500
2.520359 1500
2.520478 1500
2.520598 1500
2.520718 1500
2.520838 1500
2.520958 1500
2.521078 1500
2.521198 1500
2.521318 1500
2.521438 1500
2.521558 1500
2.521678 1500
2.521798 1500
2.521918 1500
2.522038 1500
2.522157 1500
2.522277 1500
2.522397 1500
2.522517 1500
2.522637 1500
2.522757 1500
2.522877 1500
2.522997 1500
2.523117 1500
2.523237 1500
2.523357 1500
2.523477 76
2.559999 1500
2.560119 1500
2.560239 1500
2.560359 1500
2.560478 1500
2.560598 1500
2.560718 1500
2.560838 1500
2.560958 1500
2.561078 1500
2.561198 1500
2.561318 1500
2.561438 1040
2.599999 1500
2.600119 1500
2.600239 1500
2.600358 1500
2.600478 1500
2.600598 1500
2.600718 1500
2.600838 1500
2.600958 1500
2.601078 1500
2.601198 1500
2.601318 1500
2.601438 1500
2.601558 692
2.639999 1500
2.640119 1500
2.640239 1500
2.640358 1500
2.640478 1500
2.640598 1500
2.640718 1500
2.640838 1500
2.640958 1500
2.641078 1500
2.641198 1500
2.641318 1500
2.641438 1500
2.641558 1500
2.641678 1500
2.641798 1500
2.641917 1500
2.642037 1500
2.642157 1500
2.642277 1500
2.642397 1500
2.642517 1500
2.642637 1500
2.642757 1500
2.642877 1500
2.642997 1500
2.643117 1500
2.643237 156
2.679999 1500
2.680119 1500
2.680238 1500
2.680358 1500
2.680478 1500
2.680598 1500
2.680718 1500
2.680838 1500
2.680958 1500
2.681078 1500
2.681198 1500
2.681318 1500
2.681438 1500
2.681558 1500
2.681678 1328
2.719999 1500
2.720119 1500
2.720238 1500
2.720358 1500
2.720478 1500
2.720598 1500
2.720718 1500
2.720838 1500
2.720958 1500
2.721078 1500
2.721198 1500
2.721318 1500
2.721438 1500
2.721558 1372
2.759999 1500
2.760118 1500
2.760238 1500
2.760358 1500
2.760478 1500
2.760598 1500
2.760718 1500
2.760838 1500
2.760958 1500
2.761078 1500
2.761198 1500
2.761318 1500
2.761438 1500
2.761558 1500
2.761678 1500
2.761797 1500
2.761917 1500
2.762037 1500
2.762157 1500
2.762277 1500
2.762397 1500
2.762517 1500
2.762637 1500
2.762757 1500
2.762877 1500
2.762997 1500
2.763117 1500
2.763237 1500
2.763356 352
2.799999 1500
2.800118 1500
2.800238 1500
2.800358 1500
2.800478 1500
2.800598 1500
2.800718 1500
2.800838 1500
2.800958 1500
2.801078 1500
2.801198 1500
2.801318 1500
2.801438 1500
2.801558 436
2.839998 1500
2.840118 1500
2.840238 1500
2.840358 1500
2.840478 1500
2.840598 1500
2.840718 1500
2.840838 1500
2.840958 1500
2.841078 1500
2.841198 1500
2.841318 1500
2.841438 1500
2.841558 220
2.879998 1500
2.880118 1500
2.880238 1500
2.880358 1500
2.880478 1500
2.880598 1500
2.880718 1500
2.880838 1500
2.880958 1500
2.881078 1500
2.881198 1500
2.881318 1500
2.881438 1500
2.881557 1500
2.881677 1500
2.881797 1500
2.881917 1500
2.882037 1500
2.882157 1500
2.882277 1500
2.882397 1500
2.882517 1500
2.882637 1500
2.882757 1500
2.882877 1500
2.882997 1500
2.883116 1500
2.883236 1500
2.883356 1500
2.883476 1500
2.883596 1500
2.883716 1500
2.883836 1500
2.883956 1500
2.884076 1500
2.884196 1500
2.884316 1500
2.884436 1500
2.884556 1500
2.884676 1500
2.884795 1500
2.884915 1500
2.885035 1500
2.885155 1500
2.885275 1500
2.885395 1500
2.885515 1500
2.885635 1500
2.885755 1500
2.885875 1500
2.885995 1500
2.886115 1500
2.886235 1500
2.886354 1500
2.886474 1500
2.886594 1500
2.886714 1500
2.886834 1500
2.886954 1500
2.887074 1500
2.887194 1500
2.887314 1500
2.887434 1500
2.887554 1500
2.887674 1500
2.887794 1500
2.887913 1500
2.888033 1500
2.888153 1500
2.888273 1500
2.888393 1500
2.888513 1500
2.888633 1500
2.888753 1500
2.888873 1500
2.888993 1500
2.889113 1500
2.889233 1500
2.889353 1500
2.889472 1500
2.889592 1500
2.889712 1500
2.889832 1500
2.889952 1500
2.890072 1500
2.890192 1500
2.890312 1500
2.890432 1500
2.890552 1500
2.890672 1500
2.890792 1500
2.890912 1500
2.891032 1500
2.891151 1500
2.891271 1500
2.891391 1500
2.891511 1500
2.891631 1500
2.891751 1500
2.891871 1500
2.891991 1500
2.892111 1500
2.892231 1500
2.892351 660
2.919998 1500
2.920118 1500
2.920238 1500
2.920358 1500
2.920478 1500
2.920598 1500
2.920718 1500
2.920838 1500
2.920958 1500
2.921078 1500
2.921198 1500
2.921318 1500
2.921438 1500
2.921557 1500
2.921677 1500
2.921797 900
2.959998 1500
2.960118 1500
2.960238 1500
2.960358 1500
2.960478 1500
2.960598 1500
2.960718 1500
2.960838 1500
2.960958 1500
2.961078 1500
2.961198 1500
2.961318 1500
2.961437 1500
2.961557 1500
2.961677 384
2.999998 1500
3.000118 1500
3.000238 1500
3.000358 1500
3.000478 1500
3.000598 1500
3.000718 1500
3.000838 1500
3.000958 1500
3.001078 1500
3.001198 1500
3.001318 1500
3.001437 1500
3.001557 1500
3.001677 1500
3.001797 1500
3.001917 1500
3.002037 1500
3.002157 1500
3.002277 1500
3.002397 1500
3.002517 1500
3.002637 1500
3.002757 1500
3.002877 1500
3.002996 1500
3.003116 1500
3.003236 1500
3.003356 1500
3.003476 1076
3.039998 1500
3.040118 1500
3.040238 1500
3.040358 1500
3.040478 1500
3.040598 1500
3.040718 1500
3.040838 1500
3.040958 1500
3.041078 1500
3.041198 1500
3.041317 1500
3.041437 1008
3.079998 1500
3.080118 1500
3.080238 1500
3.080358 1500
3.080478 1500
3.080598 1500
3.080718 1500
3.080838 1500
3.080958 1500
3.081078 1500
3.081198 1500
3.081317 1500
3.081437 1336
3.119998 1500
3.120118 1500
3.120238 1500
3.120358 1500
3.120478 1500
3.120598 1500
3.120718 1500
3.120838 1500
3.120958 1500
3.121078 1500
3.121197 1500
3.121317 1500
3.121437 1500
3.121557 1500
3.121677 1500
3.121797 1500
3.121917 1500
3.122037 1500
3.122157 1500
3.122277 1500
3.122397 1500
3.122517 1500
3.122637 1500
3.122756 1500
3.122876 1500
3.122996 1500
3.123116 1500
3.123236 900
3.159998 1500
3.160118 1500
3.160238 1500
3.160358 1500
3.160478 1500
3.160598 1500
3.160718 1500
3.160838 1500
3.160958 1500
3.161077 1500
3.161197 1500
3.161317 1500
3.161437 1500
3.161557 124
3.199998 1500
3.200118 1500
3.200238 1500
3.200358 1500
3.200478 1500
3.200598 1500
3.200718 1500
3.200838 1500
3.200958 1500
3.201077 1500
3.201197 1500
3.201317 1500
3.201437 1500
3.201557 1380
3.239998 1500
3.240118 1500
3.240238 1500
3.240358 1500
3.240478 1500
3.240598 1500
3.240718 1500
3.240838 1500
3.240957 1500
3.241077 1500
3.241197 1500
3.241317 1500
3.241437 1500
3.241557 1500
3.241677 1500
3.241797 1500
3.241917 1500
3.242037 1500
3.242157 1500
3.242277 1500
3.242397 1500
3.242517 1500
3.242636 1500
3.242756 1500
3.242876 1500
3.242996 1500
3.243116 1500
3.243236 1500
3.243356 576
3.279998 1500
3.280118 1500
3.280238 1500
3.280358 1500
3.280478 1500
3.280598 1500
3.280718 1500
3.280838 1500
3.280957 1500
3.281077 1500
3.281197 1500
3.281317 1500
3.281437 1500
3.281557 1244
3.319998 1500
3.320118 1500
3.320238 1500
3.320358 1500
3.320478 1500
3.320598 1500
3.320718 1500
3.320837 1500
3.320957 1500
3.321077 1500
3.321197 1500
3.321317 1500
3.321437 1500
3.321557 1500
3.321677 392
3.359998 1500
3.360118 1500
3.360238 1500
3.360358 1500
3.360478 1500
3.360598 1500
3.360718 1500
3.360837 1500
3.360957 1500
3.361077 1500
3.361197 1500
3.361317 1500
3.361437 1500
3.361557 1500
3.361677 1500
3.361797 1500
3.361917 1500
3.362037 1500
3.362157 1500
3.362277 1500
3.362396 1500
3.362516 1500
3.362636 1500
3.362756 1500
3.362876 1500
3.362996 1500
3.363116 1500
3.363236 1500
3.363356 1500
3.363476 1500
3.363596 1500
3.363716 1500
3.363836 1500
3.363955 1500
3.364075 1500
3.364195 1500
3.364315 1500
3.364435 1500
3.364555 1500
3.364675 1500
3.364795 1500
3.364915 1500
3.365035 1500
3.365155 1500
3.365275 1500
3.365395 1500
3.365515 1500
3.365634 1500
3.365754 1500
3.365874 1500
3.365994 1500
3.366114 1500
3.366234 1500
3.366354 1500
3.366474 1500
3.366594 1500
3.366714 1500
3.366834 1500
3.366954 1500
3.367074 1500
3.367193 1500
3.367313 1500
3.367433 1500
3.367553 1500
3.367673 1500
3.367793 1500
3.367913 1500
3.368033 1500
3.368153 1500
3.368273 1500
3.368393 1500
3.368513 1500
3.368633 1500
3.368752 1500
3.368872 1500
3.368992 1500
3.369112 1500
3.369232 1500
3.369352 1500
3.369472 1500
3.369592 1500
3.369712 1500
3.369832 1500
3.369952 1500
3.370072 1500
3.370192 1500
3.370311 1500
3.370431 1500
3.370551 1500
3.370671 1500
3.370791 1500
3.370911 1500
3.371031 1500
3.371151 1500
3.371271 1500
3.371391 1500
3.371511 1500
3.371631 1500
3.371751 1500
3.371871 1500
3.371990 1500
3.372110 1500
3.372230 1500
3.372350 452
3.399998 1500
3.400118 1500
3.400238 1500
3.400358 1500
3.400478 1500
3.400598 1500
3.400717 1500
3.400837 1500
3.400957 1500
3.401077 1500
3.401197 1500
3.401317 1500
3.401437 968
3.439998 1500
3.440118 1500
3.440238 1500
3.440358 1500
3.440478 1500
3.440598 1500
3.440717 1500
3.440837 1500
3.440957 1500
3.441077 1500
3.441197 1500
3.441317 1500
3.441437 1500
3.441557 148
3.479998 1500
3.480118 1500
3.480238 1500
3.480358 1500
3.480478 1500
3.480597 1500
3.480717 1500
3.480837 1500
3.480957 1500
3.481077 1500
3.481197 1500
3.481317 1500
3.481437 1500
3.481557 1500
3.481677 1500
3.481797 1500
3.481917 1500
3.482037 1500
3.482157 1500
3.482276 1500
3.482396 1500
3.482516 1500
3.482636 1500
3.482756 1500
3.482876 1500
3.482996 1500
3.483116 1500
3.483236 1500
3.483356 936
3.519998 1500
3.520118 1500
3.520238 1500
3.520358 1500
3.520478 1500
3.520597 1500
3.520717 1500
3.520837 1500
3.520957 1500
3.521077 1500
3.521197 1500
3.521317 1500
3.521437 1500
3.521557 1212
3.559998 1500
3.560118 1500
3.560238 1500
3.560358 1500
3.560477 1500
3.560597 1500
3.560717 1500
3.560837 1500
3.560957 1500
3.561077 1500
3.561197 1500
3.561317 1500
3.561437 1500
3.561557 1092
3.599998 1500
3.600118 1500
3.600238 1500
3.600358 1500
3.600477 1500
3.600597 1500
3.600717 1500
3.600837 1500
3.600957 1500
3.601077 1500
3.601197 1500
3.601317 1500
3.601437 1500
3.601557 1500
3.601677 1500
3.601797 1500
3.601917 1500
3.602036 1500
3.602156 1500
3.602276 1500
3.602396 1500
3.602516 1500
3.602636 1500
3.602756 1500
3.602876 1500
3.602996 1500
3.603116 1500
3.603236 1500
3.603356 344
3.639998 1500
3.640118 1500
3.640238 1500
3.640357 1500
3.640477 1500
3.640597 1500
3.640717 1500
3.640837 1500
3.640957 1500
3.641077 1500
3.641197 1500
3.641317 1500
3.641437 1500
3.641557 548
3.679998 1500
3.680118 1500
3.680238 1500
3.680357 1500
3.680477 1500
3.680597 1500
3.680717 1500
3.680837 1500
3.680957 1500
3.681077 1500
3.681197 1500
3.681317 1500
3.681437 1368
3.719998 1500
3.720118 1500
3.720237 1500
3.720357 1500
3.720477 1500
3.720597 1500
3.720717 1500
3.720837 1500
3.720957 1500
3.721077 1500
3.721197 1500
3.721317 1500
3.721437 1500
3.721557 1500
3.721677 1500
3.721797 1500
3.721916 1500
3.722036 1500
3.722156 1500
3.722276 1500
3.722396 1500
3.722516 1500
3.722636 1500
3.722756 1500
3.722876 1500
3.722996 1500
3.723116 1500
3.723236 1500
3.723356 272
3.759998 1500
3.760118 1500
3.760237 1500
3.760357 1500
3.760477 1500
3.760597 1500
3.760717 1500
3.760837 1500
3.760957 1500
3.761077 1500
3.761197 1500
3.761317 1500
3.761437 1500
3.761557 1500
3.761677 1272
3.799998 1500
3.800117 1500
3.800237 1500
3.800357 1500
3.800477 1500
3.800597 1500
3.800717 1500
3.800837 1500
3.800957 1500
3.801077 1500
3.801197 1500
3.801317 1500
3.801437 1500
3.801557 1500
3.801677 1500
3.801796 220
3.839998 1500
3.840117 1500
3.840237 1500
3.840357 1500
3.840477 1500
3.840597 1500
3.840717 1500
3.840837 1500
3.840957 1500
3.841077 1500
3.841197 1500
3.841317 1500
3.841437 1500
3.841557 1500
3.841676 1500
3.841796 1500
3.841916 1500
3.842036 1500
3.842156 1500
3.842276 1500
3.842396 1500
3.842516 1500
3.842636 1500
3.842756 1500
3.842876 1500
3.842996 1500
3.843116 1500
3.843235 1500
3.843355 1500
3.843475 1500
3.843595 1500
3.843715 1500
3.843835 1500
3.843955 1500
3.844075 1500
3.844195 1500
3.844315 1500
3.844435 1500
3.844555 1500
3.844675 1500
3.844795 1500
3.844914 1500
3.845034 1500
3.845154 1500
3.845274 1500
3.845394 1500
3.845514 1500
3.845634 1500
3.845754 1500
3.845874 1500
3.845994 1500
3.846114 1500
3.846234 1500
3.846354 1500
3.846473 1500
3.846593 1500
3.846713 1500
3.846833 1500
3.846953 1500
3.847073 1500
3.847193 1500
3.847313 1500
3.847433 1500
3.847553 1500
3.847673 1500
3.847793 1500
3.847913 1500
3.848032 1500
3.848152 1500
3.848272 1500
3.848392 1500
3.848512 1500
3.848632 1500
3.848752 1500
3.848872 1500
3.848992 1500
3.849112 1500
3.849232 1500
3.849352 1500
3.849472 1500
3.849591 1500
3.849711 1500
3.849831 1500
3.849951 1500
3.850071 1500
3.850191 1500
3.850311 1500
3.850431 1500
3.850551 1500
3.850671 1500
3.850791 1500
3.850911 1500
3.851031 1500
3.851151 1500
3.851270 1500
3.851390 1500
3.851510 1500
3.851630 1500
3.851750 1500
3.851870 1500
3.851990 1500
3.852110 1500
3.852230 648
3.879997 1500
3.880117 1500
3.880237 1500
3.880357 1500
3.880477 1500
3.880597 1500
3.880717 1500
3.880837 1500
3.880957 1500
3.881077 1500
3.881197 1500
3.881317 1500
3.881437 1500
3.881557 716
3.919997 1500
3.920117 1500
3.920237 1500
3.920357 1500
3.920477 1500
3.920597 1500
3.920717 1500
3.920837 1500
3.920957 1500
3.921077 1500
3.921197 1500
3.921317 1500
3.921437 1500
3.921556 444
3.959997 1500
3.960117 1500
3.960237 1500
3.960357 1500
3.960477 1500
3.960597 1500
3.960717 1500
3.960837 1500
3.960957 1500
3.961077 1500
3.961197 1500
3.961317 1500
3.961437 1500
3.961556 1500
3.961676 1500
3.961796 1500
3.961916 1500
3.962036 1500
3.962156 1500
3.962276 1500
3.962396 1500
3.962516 1500
3.962636 1500
3.962756 1500
3.962876 1500
3.962996 1500
3.963115 1500
3.963235 1500
3.963355 568
3.999997 1500
4.000117 1500
4.000237 1500
4.000358 1500
4.000478 1500
4.000598 1500
4.000718 1500
4.000838 1500
4.000958 1500
4.001079 1500
4.001199 1500
4.001319 1500
4.001439 1500
4.001559 1500
4.001679 744
4.039998 1500
4.040118 1500
4.040238 1500
4.040358 1500
4.040478 1500
4.040598 1500
4.040719 1500
4.040839 1500
4.040959 1500
4.041079 1500
4.041199 1500
4.041319 1500
4.041440 1500
4.041560 1500
4.041680 800
4.079998 1500
4.080118 1500
4.080238 1500
4.080358 1500
4.080478 1500
4.080598 1500
4.080719 1500
4.080839 1500
4.080959 1500
4.081079 1500
4.081199 1500
4.081319 1500
4.081439 1500
4.081560 1500
4.081680 1500
4.081800 1500
4.081920 1500
4.082040 1500
4.082160 1500
4.082281 1500
4.082401 1500
4.082521 1500
4.082641 1500
4.082761 1500
4.082881 1500
4.083002 1500
4.083122 1500
4.083242 1500
4.083362 1500
4.083482 780
4.119998 1500
4.120118 1500
4.120238 1500
4.120358 1500
4.120478 1500
4.120598 1500
4.120718 1500
4.120839 1500
4.120959 1500
4.121079 1500
4.121199 1500
4.121319 1500
4.121439 1500
4.121560 620
4.159997 1500
4.160118 1500
4.160238 1500
4.160358 1500
4.160478 1500
4.160598 1500
4.160718 1500
4.160839 1500
4.160959 1500
4.161079 1500
4.161199 1500
4.161319 1500
4.161439 1304
4.199997 1500
4.200118 1500
4.200238 1500
4.200358 1500
4.200478 1500
4.200598 1500
4.200718 1500
4.200839 1500
4.200959 1500
4.201079 1500
4.201199 1500
4.201319 1500
4.201439 1500
4.201560 1500
4.201680 1500
4.201800 1500
4.201920 1500
4.202040 1500
4.202160 1500
4.202281 1500
4.202401 1500
4.202521 1500
4.202641 1500
4.202761 1500
4.202881 1500
4.203001 1500
4.203122 1500
4.203242 1500
4.203362 736
4.239997 1500
4.240118 1500
4.240238 1500
4.240358 1500
4.240478 1500
4.240598 1500
4.240718 1500
4.240839 1500
4.240959 1500
4.241079 1500
4.241199 1500
4.241319 1500
4.241439 1500
4.241560 1500
4.241680 1500
4.241800 140
4.279997 1500
4.280118 1500
4.280238 1500
4.280358 1500
4.280478 1500
4.280598 1500
4.280718 1500
4.280838 1500
4.280959 1500
4.281079 1500
4.281199 1500
4.281319 1500
4.281439 1500
4.281559 1500
4.281680 240
4.319997 1500
4.320117 1500
4.320238 1500
4.320358 1500
4.320478 1500
4.320598 1500
4.320718 1500
4.320838 1500
4.320959 1500
4.321079 1500
4.321199 1500
4.321319 1500
4.321439 1500
4.321559 1500
4.321680 1500
4.321800 1500
4.321920 1500
4.322040 1500
4.322160 1500
4.322280 1500
4.322401 1500
4.322521 1500
4.322641 1500
4.322761 1500
4.322881 1500
4.323001 1500
4.323122 1500
4.323242 1500
4.323362 1500
4.323482 1500
4.323602 1500
4.323722 1500
4.323843 1500
4.323963 1500
4.324083 1500
4.324203 1500
4.324323 1500
4.324443 1500
4.324564 1500
4.324684 1500
4.324804 1500
4.324924 1500
4.325044 1500
4.325164 1500
4.325284 1500
4.325405 1500
4.325525 1500
4.325645 1500
4.325765 1500
4.325885 1500
4.326005 1500
4.326126 1500
4.326246 1500
4.326366 1500
4.326486 1500
4.326606 1500
4.326726 1500
4.326847 1500
4.326967 1500
4.327087 1500
4.327207 1500
4.327327 1500
4.327447 1500
4.327568 1500
4.327688 1500
4.327808 1500
4.327928 1500
4.328048 1500
4.328168 1500
4.328289 1500
4.328409 1500
4.328529 1500
4.328649 1500
4.328769 1500
4.328889 1500
4.329010 1500
4.329130 1500
4.329250 1500
4.329370 1500
4.329490 1500
4.329610 1500
4.329731 1500
4.329851 1500
4.329971 1500
4.330091 1500
4.330211 1500
4.330331 1500
4.330451 1500
4.330572 1500
4.330692 1500
4.330812 1500
4.330932 1500
4.331052 1500
4.331172 1500
4.331293 1500
4.331413 1500
4.331533 1500
4.331653 1500
4.331773 1500
4.331893 1500
4.332014 1500
4.332134 1500
4.332254 1128
4.359997 1500
4.360117 1500
4.360238 1500
4.360358 1500
4.360478 1500
4.360598 1500
4.360718 1500
4.360838 1500
4.360959 1500
4.361079 1500
4.361199 1500
4.361319 1500
4.361439 1088
4.399997 1500
4.400117 1500
4.400238 1500
4.400358 1500
4.400478 1500
4.400598 1500
4.400718 1500
4.400838 1500
4.400959 1500
4.401079 1500
4.401199 1500
4.401319 1500
4.401439 952
4.439997 1500
4.440117 1500
4.440238 1500
4.440358 1500
4.440478 1500
4.440598 1500
4.440718 1500
4.440838 1500
4.440958 1500
4.441079 1500
4.441199 1500
4.441319 1500
4.441439 1500
4.441559 1500
4.441679 1500
4.441800 1500
4.441920 1500
4.442040 1500
4.442160 1500
4.442280 1500
4.442400 1500
4.442521 1500
4.442641 1500
4.442761 1500
4.442881 1500
4.443001 1500
4.443121 1500
4.443242 876
4.479997 1500
4.480117 1500
4.480237 1500
4.480358 1500
4.480478 1500
4.480598 1500
4.480718 1500
4.480838 1500
4.480958 1500
4.481079 1500
4.481199 1500
4.481319 1500
4.481439 1500
4.481559 1500
4.481679 1000
4.519997 1500
4.520117 1500
4.520237 1500
4.520358 1500
4.520478 1500
4.520598 1500
4.520718 1500
4.520838 1500
4.520958 1500
4.521079 1500
4.521199 1500
4.521319 1500
4.521439 1500
4.521559 1500
4.521679 760
4.559997 1500
4.560117 1500
4.560237 1500
4.560358 1500
4.560478 1500
4.560598 1500
4.560718 1500
4.560838 1500
4.560958 1500
4.561079 1500
4.561199 1500
4.561319 1500
4.561439 1500
4.561559 1500
4.561679 1500
4.561800 1500
4.561920 1500
4.562040 1500
4.562160 1500
4.562280 1500
4.562400 1500
4.562521 1500
4.562641 1500
4.562761 1500
4.562881 1500
4.563001 1500
4.563121 1500
4.563241 1500
4.563362 768
4.599997 1500
4.600117 1500
4.600237 1500
4.600358 1500
4.600478 1500
4.600598 1500
4.600718 1500
4.600838 1500
4.600958 1500
4.601079 1500
4.601199 1500
4.601319 1500
4.601439 1168
4.639997 1500
4.640117 1500
4.640237 1500
4.640357 1500
4.640478 1500
4.640598 1500
4.640718 1500
4.640838 1500
4.640958 1500
4.641078 1500
4.641199 1500
4.641319 1500
4.641439 1500
4.641559 668
4.679997 1500
4.680117 1500
4.680237 1500
4.680357 1500
4.680478 1500
4.680598 1500
4.680718 1500
4.680838 1500
4.680958 1500
4.681078 1500
4.681199 1500
4.681319 1500
4.681439 1500
4.681559 1500
4.681679 1500
4.681799 1500
4.681920 1500
4.682040 1500
4.682160 1500
4.682280 1500
4.682400 1500
4.682520 1500
4.682641 1500
4.682761 1500
4.682881 1500
4.683001 1500
4.683121 1500
4.683241 1500
4.683362 48
4.719997 1500
4.720117 1500
4.720237 1500
4.720357 1500
4.720478 1500
4.720598 1500
4.720718 1500
4.720838 1500
4.720958 1500
4.721078 1500
4.721199 1500
4.721319 1500
4.721439 1500
4.721559 1500
4.721679 560
4.759997 1500
4.760117 1500
4.760237 1500
4.760357 1500
4.760478 1500
4.760598 1500
4.760718 1500
4.760838 1500
4.760958 1500
4.761078 1500
4.761199 1500
4.761319 1500
4.761439 1500
4.761559 1500
4.761679 688
4.799997 1500
4.800117 1500
4.800237 1500
4.800357 1500
4.800478 1500
4.800598 1500
4.800718 1500
4.800838 1500
4.800958 1500
4.801078 1500
4.801198 1500
4.801319 1500
4.801439 1500
4.801559 1500
4.801679 1500
4.801799 1500
4.801919 1500
4.802040 1500
4.802160 1500
4.802280 1500
4.802400 1500
4.802520 1500
4.802640 1500
4.802761 1500
4.802881 1500
4.803001 1500
4.803121 1500
4.803241 1500
4.803361 1500
4.803482 1500
4.803602 1500
4.803722 1500
4.803842 1500
4.803962 1500
4.804082 1500
4.804203 1500
4.804323 1500
4.804443 1500
4.804563 1500
4.804683 1500
4.804803 1500
4.804924 1500
4.805044 1500
4.805164 1500
4.805284 1500
4.805404 1500
4.805524 1500
4.805645 1500
4.805765 1500
4.805885 1500
4.806005 1500
4.806125 1500
4.806245 1500
4.806365 1500
4.806486 1500
4.806606 1500
4.806726 1500
4.806846 1500
4.806966 1500
4.807086 1500
4.807207 1500
4.807327 1500
4.807447 1500
4.807567 1500
4.807687 1500
4.807807 1500
4.807928 1500
4.808048 1500
4.808168 1500
4.808288 1500
4.808408 1500
4.808528 1500
4.808649 1500
4.808769 1500
4.808889 1500
4.809009 1500
4.809129 1500
4.809249 1500
4.809370 1500
4.809490 1500
4.809610 1500
4.809730 1500
4.809850 1500
4.809970 1500
4.810091 1500
4.810211 1500
4.810331 1500
4.810451 1500
4.810571 1500
4.810691 1500
4.810812 1500
4.810932 1500
4.811052 1500
4.811172 1500
4.811292 1500
4.811412 1500
4.811532 1500
4.811653 1500
4.811773 1500
4.811893 1500
4.812013 1500
4.812133 1500
4.812253 1416
4.839997 1500
4.840117 1500
4.840237 1500
4.840357 1500
4.840477 1500
4.840598 1500
4.840718 1500
4.840838 1500
4.840958 1500
4.841078 1500
4.841198 1500
4.841319 1500
4.841439 1500
4.841559 100
4.879997 1500
4.880117 1500
4.880237 1500
4.880357 1500
4.880477 1500
4.880598 1500
4.880718 1500
4.880838 1500
4.880958 1500
4.881078 1500
4.881198 1500
4.881319 1500
4.881439 632
4.919997 1500
4.920117 1500
4.920237 1500
4.920357 1500
4.920477 1500
4.920598 1500
4.920718 1500
4.920838 1500
4.920958 1500
4.921078 1500
4.921198 1500
4.921319 1500
4.921439 1500
4.921559 1500
4.921679 1500
4.921799 1500
4.921919 1500
4.922040 1500
4.922160 1500
4.922280 1500
4.922400 1500
4.922520 1500
4.922640 1500
4.922760 1500
4.922881 1500
4.923001 1500
4.923121 1500
4.923241 1500
4.923361 224
4.959997 1500
4.960117 1500
4.960237 1500
4.960357 1500
4.960477 1500
4.960598 1500
4.960718 1500
4.960838 1500
4.960958 1500
4.961078 1500
4.961198 1500
4.961318 1500
4.961439 1500
4.961559 1500
4.961679 304
4.999997 1500
5.000117 1500
5.000237 1500
5.000357 1500
5.000477 1500
5.000597 1500
5.000718 1500
5.000838 1500
5.000958 1500
5.001078 1500
5.001198 1500
5.001318 1500
5.001439 1500
5.001559 1500
5.001679 496
5.039997 1500
5.040117 1500
5.040237 1500
5.040357 1500
5.040477 1500
5.040597 1500
5.040718 1500
5.040838 1500
5.040958 1500
5.041078 1500
5.041198 1500
5.041318 1500
5.041439 1500
5.041559 1500
5.041679 1500
5.041799 1500
5.041919 1500
5.042039 1500
5.042160 1500
5.042280 1500
5.042400 1500
5.042520 1500
5.042640 1500
5.042760 1500
5.042881 1500
5.043001 1500
5.043121 1500
5.043241 1500
5.043361 1500
5.043481 132
5.079997 1500
5.080117 1500
5.080237 1500
5.080357 1500
5.080477 1500
5.080597 1500
5.080718 1500
5.080838 1500
5.080958 1500
5.081078 1500
5.081198 1500
5.081318 1500
5.081439 1360
5.119997 1500
5.120117 1500
5.120237 1500
5.120357 1500
5.120477 1500
5.120597 1500
5.120718 1500
5.120838 1500
5.120958 1500
5.121078 1500
5.121198 1500
5.121318 1500
5.121439 1500
5.121559 580
5.159997 1500
5.160117 1500
5.160237 1500
5.160357 1500
5.160477 1500
5.160597 1500
5.160717 1500
5.160838 1500
5.160958 1500
5.161078 1500
5.161198 1500
5.161318 1500
5.161438 1500
5.161559 1500
5.161679 1500
5.161799 1500
5.161919 1500
5.162039 1500
5.162159 1500
5.162280 1500
5.162400 1500
5.162520 1500
5.162640 1500
5.162760 1500
5.162880 1500
5.163001 1500
5.163121 1500
5.163241 1500
5.163361 648
5.199996 1500
5.200117 1500
5.200237 1500
5.200357 1500
5.200477 1500
5.200597 1500
5.200717 1500
5.200838 1500
5.200958 1500
5.201078 1500
5.201198 1500
5.201318 1500
5.201438 1500
5.201559 1500
5.201679 1500
5.201799 412
5.239996 1500
5.240117 1500
5.240237 1500
5.240357 1500
5.240477 1500
5.240597 1500
5.240717 1500
5.240838 1500
5.240958 1500
5.241078 1500
5.241198 1500
5.241318 1500
5.241438 1500
5.241559 1500
5.241679 1176
5.279996 1500
5.280117 1500
5.280237 1500
5.280357 1500
5.280477 1500
5.280597 1500
5.280717 1500
5.280838 1500
5.280958 1500
5.281078 1500
5.281198 1500
5.281318 1500
5.281438 1500
5.281559 1500
5.281679 1500
5.281799 1500
5.281919 1500
5.282039 1500
5.282159 1500
5.282279 1500
5.282400 1500
5.282520 1500
5.282640 1500
5.282760 1500
5.282880 1500
5.283000 1500
5.283121 1500
5.283241 1500
5.283361 1500
5.283481 1500
5.283601 1500
5.283721 1500
5.283842 1500
5.283962 1500
5.284082 1500
5.284202 1500
5.284322 1500
5.284442 1500
5.284563 1500
5.284683 1500
5.284803 1500
5.284923 1500
5.285043 1500
5.285163 1500
5.285284 1500
5.285404 1500
5.285524 1500
5.285644 1500
5.285764 1500
5.285884 1500
5.286005 1500
5.286125 1500
5.286245 1500
5.286365 1500
5.286485 1500
5.286605 1500
5.286726 1500
5.286846 1500
5.286966 1500
5.287086 1500
5.287206 1500
5.287326 1500
5.287446 1500
5.287567 1500
5.287687 1500
5.287807 1500
5.287927 1500
5.288047 1500
5.288167 1500
5.288288 1500
5.288408 1500
5.288528 1500
5.288648 1500
5.288768 1500
5.288888 1500
5.289009 1500
5.289129 1500
5.289249 1500
5.289369 1500
5.289489 1500
5.289609 1500
5.289730 1500
5.289850 1500
5.289970 1500
5.290090 1500
5.290210 1500
5.290330 1500
5.290451 1500
5.290571 1500
5.290691 1500
5.290811 1500
5.290931 1500
5.291051 1500
5.291172 1500
5.291292 1500
5.291412 1500
5.291532 1500
5.291652 1500
5.291772 1500
5.291893 1500
5.292013 1500
5.292133 1500
5.292253 1500
5.292373 196
5.319996 1500
5.320117 1500
5.320237 1500
5.320357 1500
5.320477 1500
5.320597 1500
5.320717 1500
5.320837 1500
5.320958 1500
5.321078 1500
5.321198 1500
5.321318 1500
5.321438 1500
5.321558 180
5.359996 1500
5.360116 1500
5.360237 1500
5.360357 1500
5.360477 1500
5.360597 1500
5.360717 1500
5.360837 1500
5.360958 1500
5.361078 1500
5.361198 1500
5.361318 1500
5.361438 1500
5.361558 772
5.399996 1500
5.400116 1500
5.400237 1500
5.400357 1500
5.400477 1500
5.400597 1500
5.400717 1500
5.400837 1500
5.400958 1500
5.401078 1500
5.401198 1500
5.401318 1500
5.401438 1500
5.401558 1500
5.401679 1500
5.401799 1500
5.401919 1500
5.402039 1500
5.402159 1500
5.402279 1500
5.402400 1500
5.402520 1500
5.402640 1500
5.402760 1500
5.402880 1500
5.403000 1500
5.403121 1500
5.403241 1500
5.403361 1500
5.403481 1012
5.439996 1500
5.440116 1500
5.440237 1500
5.440357 1500
5.440477 1500
5.440597 1500
5.440717 1500
5.440837 1500
5.440958 1500
5.441078 1500
5.441198 1500
5.441318 1500
5.441438 1500
5.441558 1500
5.441679 1500
5.441799 300
5.479996 1500
5.480116 1500
5.480237 1500
5.480357 1500
5.480477 1500
5.480597 1500
5.480717 1500
5.480837 1500
5.480958 1500
5.481078 1500
5.481198 1500
5.481318 1500
5.481438 1500
5.481558 1500
5.481678 904
5.519996 1500
5.520116 1500
5.520236 1500
5.520357 1500
5.520477 1500
5.520597 1500
5.520717 1500
5.520837 1500
5.520957 1500
5.521078 1500
5.521198 1500
5.521318 1500
5.521438 1500
5.521558 1500
5.521678 1500
5.521799 1500
5.521919 1500
5.522039 1500
5.522159 1500
5.522279 1500
5.522399 1500
5.522520 1500
5.522640 1500
5.522760 1500
5.522880 1500
5.523000 1500
5.523120 1500
5.523241 1500
5.523361 1500
5.523481 1500
5.523601 584
5.559996 1500
5.560116 1500
5.560236 1500
5.560357 1500
5.560477 1500
5.560597 1500
5.560717 1500
5.560837 1500
5.560957 1500
5.561078 1500
5.561198 1500
5.561318 1500
5.561438 1500
5.561558 1500
5.561678 600
5.599996 1500
5.600116 1500
5.600236 1500
5.600357 1500
5.600477 1500
5.600597 1500
5.600717 1500
5.600837 1500
5.600957 1500
5.601078 1500
5.601198 1500
5.601318 1500
5.601438 1500
5.601558 1500
5.601678 1500
5.601799 1500
5.601919 1500
5.602039 1500
5.602159 256
5.639996 1500
5.640116 1500
5.640236 1500
5.640357 1500
5.640477 1500
5.640597 1500
5.640717 1500
5.640837 1500
5.640957 1500
5.641078 1500
5.641198 1500
5.641318 1500
5.641438 1500
5.641558 1500
5.641678 1500
5.641798 1500
5.641919 1500
5.642039 1500
5.642159 1500
5.642279 1500
5.642399 1500
5.642519 1500
5.642640 1500
5.642760 1500
5.642880 1500
5.643000 1500
5.643120 1500
5.643240 1500
5.643361 1500
5.643481 1500
5.643601 1500
5.643721 1500
5.643841 1500
5.643961 1500
5.644082 1500
5.644202 1500
5.644322 1500
5.644442 1500
5.644562 1500
5.644682 852
5.679996 1500
5.680116 1500
5.680236 1500
5.680357 1500
5.680477 1500
5.680597 1500
5.680717 1500
5.680837 1500
5.680957 1500
5.681077 1500
5.681198 1500
5.681318 1500
5.681438 1500
5.681558 1500
5.681678 1500
5.681798 1500
5.681919 1500
5.682039 1500
5.682159 1500
5.682279 1500
5.682399 1500
5.682519 1500
5.682640 256
5.719996 1500
5.720116 1500
5.720236 1500
5.720356 1500
5.720477 1500
5.720597 1500
5.720717 1500
5.720837 1500
5.720957 1500
5.721077 1500
5.721198 1500
5.721318 1500
5.721438 1500
5.721558 1500
5.721678 1500
5.721798 1500
5.721919 1500
5.722039 1500
5.722159 1500
5.722279 1500
5.722399 1500
5.722519 1220
5.759996 1500
5.760116 1500
5.760236 1500
5.760356 1500
5.760477 1500
5.760597 1500
5.760717 1500
5.760837 1500
5.760957 1500
5.761077 1500
5.761198 1500
5.761318 1500
5.761438 1500
5.761558 1500
5.761678 1500
5.761798 1500
5.761919 1500
5.762039 1500
5.762159 1500
5.762279 1500
5.762399 1500
5.762519 1500
5.762640 1500
5.762760 1500
5.762880 1500
5.763000 1500
5.763120 1500
5.763240 1500
5.763361 1500
5.763481 1500
5.763601 1500
5.763721 1500
5.763841 1500
5.763961 1500
5.764081 1500
5.764202 1500
5.764322 1500
5.764442 1500
5.764562 1500
5.764682 1500
5.764802 1500
5.764923 1500
5.765043 1500
5.765163 1500
5.765283 1500
5.765403 1500
5.765523 1500
5.765644 1500
5.765764 1500
5.765884 1500
5.766004 1500
5.766124 1500
5.766244 1500
5.766365 1500
5.766485 1500
5.766605 1500
5.766725 1500
5.766845 1500
5.766965 1500
5.767086 1500
5.767206 1500
5.767326 1500
5.767446 1500
5.767566 1500
5.767686 1500
5.767807 1500
5.767927 1500
5.768047 1500
5.768167 1500
5.768287 1500
5.768407 1500
5.768528 1500
5.768648 1500
5.768768 1500
5.768888 1500
5.769008 1500
5.769128 1500
5.769248 1500
5.769369 1500
5.769489 1500
5.769609 1500
5.769729 1500
5.769849 1500
5.769969 1500
5.770090 1500
5.770210 1500
5.770330 1500
5.770450 1500
5.770570 1500
5.770690 1500
5.770811 1500
5.770931 1500
5.771051 1500
5.771171 1500
5.771291 1500
5.771411 1500
5.771532 1500
5.771652 1500
5.771772 1500
5.771892 1452
5.799996 1500
5.800116 1500
5.800236 1500
5.800356 1500
5.800477 1500
5.800597 1500
5.800717 1500
5.800837 1500
5.800957 1500
5.801077 1500
5.801198 1500
5.801318 1500
5.801438 1500
5.801558 1500
5.801678 1500
5.801798 1500
5.801919 1500
5.802039 1500
5.802159 1120
5.839996 1500
5.840116 1500
5.840236 1500
5.840356 1500
5.840477 1500
5.840597 1500
5.840717 1500
5.840837 1500
5.840957 1500
5.841077 1500
5.841197 1500
5.841318 1500
5.841438 1500
5.841558 1500
5.841678 1500
5.841798 1500
5.841918 1500
5.842039 1500
5.842159 1500
5.842279 268
5.879996 1500
5.880116 1500
5.880236 1500
5.880356 1500
5.880476 1500
5.880597 1500
5.880717 1500
5.880837 1500
5.880957 1500
5.881077 1500
5.881197 1500
5.881318 1500
5.881438 1500
5.881558 1500
5.881678 1500
5.881798 1500
5.881918 1500
5.882039 1500
5.882159 1500
5.882279 1500
5.882399 1500
5.882519 1500
5.882639 1500
5.882760 1500
5.882880 1500
5.883000 1500
5.883120 1500
5.883240 1500
5.883360 1500
5.883481 1500
5.883601 1500
5.883721 1500
5.883841 1500
5.883961 1500
5.884081 1500
5.884202 1500
5.884322 1500
5.884442 1500
5.884562 1500
5.884682 1500
5.884802 472
5.919996 1500
5.920116 1500
5.920236 1500
5.920356 1500
5.920476 1500
5.920597 1500
5.920717 1500
5.920837 1500
5.920957 1500
5.921077 1500
5.921197 1500
5.921318 1500
5.921438 1500
5.921558 1500
5.921678 1500
5.921798 1500
5.921918 1500
5.922039 1500
5.922159 1500
5.922279 1500
5.922399 1500
5.922519 1500
5.922639 1500
5.922760 1500
5.922880 1500
5.923000 516
5.959996 1500
5.960116 1500
5.960236 1500
5.960356 1500
5.960476 1500
5.960597 1500
5.960717 1500
5.960837 1500
5.960957 1500
5.961077 1500
5.961197 1500
5.961318 1500
5.961438 1500
5.961558 1500
5.961678 1500
5.961798 1500
5.961918 1500
5.962039 1500
5.962159 1500
5.962279 1500
5.962399 1500
5.962519 1500
5.962639 1500
5.962759 1500
5.962880 1016
5.999996 1500
6.000116 1500
6.000236 1500
6.000356 1500
6.000476 1500
6.000597 1500
6.000717 1500
6.000837 1500
6.000957 1500
6.001077 1500
6.001197 1500
6.001318 1500
6.001438 1500
6.001558 1500
6.001678 1500
6.001798 1500
6.001918 1500
6.002038 1500
6.002159 1500
6.002279 1500
6.002399 1500
6.002519 1500
6.002639 1500
6.002759 1500
6.002880 1500
6.003000 1500
6.003120 1500
6.003240 1500
6.003360 1500
6.003480 1500
6.003601 1500
6.003721 1500
6.003841 1500
6.003961 1500
6.004081 1500
6.004201 1500
6.004322 1500
6.004442 1500
6.004562 1500
6.004682 1500
6.004802 1500
6.004922 1500
6.005043 1500
6.005163 1500
6.005283 1500
6.005403 1500
6.005523 1500
6.005643 1252
6.039996 1500
6.040116 1500
6.040236 1500
6.040356 1500
6.040476 1500
6.040596 1500
6.040717 1500
6.040837 1500
6.040957 1500
6.041077 1500
6.041197 1500
6.041317 1500
6.041438 1500
6.041558 1500
6.041678 1500
6.041798 1500
6.041918 1500
6.042038 1500
6.042159 120
6.079996 1500
6.080116 1500
6.080236 1500
6.080356 1500
6.080476 1500
6.080596 1500
6.080717 1500
6.080837 1500
6.080957 1500
6.081077 1500
6.081197 1500
6.081317 1500
6.081438 1500
6.081558 1500
6.081678 1500
6.081798 1388
6.119996 1500
6.120116 1500
6.120236 1500
6.120356 1500
6.120476 1500
6.120596 1500
6.120717 1500
6.120837 1500
6.120957 1500
6.121077 1500
6.121197 1500
6.121317 1500
6.121438 1500
6.121558 1500
6.121678 1500
6.121798 1500
6.121918 1500
6.122038 1500
6.122159 1500
6.122279 1500
6.122399 1500
6.122519 1500
6.122639 1500
6.122759 1500
6.122880 1500
6.123000 1500
6.123120 1500
6.123240 1500
6.123360 1500
6.123480 1500
6.123600 1500
6.123721 1500
6.123841 1500
6.123961 1500
6.124081 1500
6.124201 1500
6.124321 1500
6.124442 1500
6.124562 1472
6.159996 1500
6.160116 1500
6.160236 1500
6.160356 1500
6.160476 1500
6.160596 1500
6.160717 1500
6.160837 1500
6.160957 1500
6.161077 1500
6.161197 1500
6.161317 1500
6.161438 1500
6.161558 1500
6.161678 1500
6.161798 1276
6.199996 1500
6.200116 1500
6.200236 1500
6.200356 1500
6.200476 1500
6.200596 1500
6.200716 1500
6.200837 1500
6.200957 1500
6.201077 1500
6.201197 1500
6.201317 1500
6.201437 1500
6.201558 1036
6.239995 1500
6.240116 1500
6.240236 1500
6.240356 1500
6.240476 1500
6.240596 1500
6.240716 1500
6.240837 1500
6.240957 1500
6.241077 1500
6.241197 1500
6.241317 1500
6.241437 1500
6.241558 1500
6.241678 1500
6.241798 1500
6.241918 1500
6.242038 1500
6.242158 1500
6.242279 1500
6.242399 1500
6.242519 1500
6.242639 1500
6.242759 1500
6.242879 1500
6.243000 1500
6.243120 1500
6.243240 1500
6.243360 1500
6.243480 1500
6.243600 1500
6.243721 1500
6.243841 1500
6.243961 1500
6.244081 1500
6.244201 1500
6.244321 1500
6.244442 1500
6.244562 1500
6.244682 1500
6.244802 1500
6.244922 1500
6.245042 1500
6.245162 1500
6.245283 1500
6.245403 1500
6.245523 1500
6.245643 1500
6.245763 1500
6.245883 1500
6.246004 1500
6.246124 1500
6.246244 1500
6.246364 1500
6.246484 1500
6.246604 1500
6.246725 1500
6.246845 1500
6.246965 1500
6.247085 1500
6.247205 1500
6.247325 1500
6.247446 1500
6.247566 1500
6.247686 1500
6.247806 1500
6.247926 1500
6.248046 1500
6.248167 1500
6.248287 1500
6.248407 1500
6.248527 1500
6.248647 1500
6.248767 1500
6.248888 1500
6.249008 1500
6.249128 1500
6.249248 1500
6.249368 1500
6.249488 1500
6.249609 1500
6.249729 1500
6.249849 1500
6.249969 1500
6.250089 1500
6.250209 1500
6.250329 1392
6.279995 1500
6.280116 1500
6.280236 1500
6.280356 1500
6.280476 1500
6.280596 1500
6.280716 1500
6.280837 1500
6.280957 1500
6.281077 1500
6.281197 856
6.319995 1500
6.320116 1500
6.320236 1500
6.320356 1500
6.320476 1500
6.320596 1500
6.320716 1500
6.320837 1500
6.320957 1500
6.321077 268
6.359995 1500
6.360116 1500
6.360236 1500
6.360356 1500
6.360476 1500
6.360596 1500
6.360716 1500
6.360837 1500
6.360957 1500
6.361077 1500
6.361197 1500
6.361317 1500
6.361437 1500
6.361557 1500
6.361678 1500
6.361798 1500
6.361918 1500
6.362038 1500
6.362158 1500
6.362278 1500
6.362399 768
6.399995 1500
6.400115 1500
6.400236 1500
6.400356 1500
6.400476 1500
6.400596 1500
6.400716 1500
6.400836 1500
6.400957 1500
6.401077 1500
6.401197 1336
6.439995 1500
6.440115 1500
6.440236 1500
6.440356 1500
6.440476 1500
6.440596 1500
6.440716 1500
6.440836 1500
6.440957 1500
6.441077 1500
6.441197 1500
6.441317 188
6.479995 1500
6.480115 1500
6.480236 1500
6.480356 1500
6.480476 1500
6.480596 1500
6.480716 1500
6.480836 1500
6.480957 1500
6.481077 1500
6.481197 1500
6.481317 1500
6.481437 1500
6.481557 1500
6.481678 1500
6.481798 1500
6.481918 1500
6.482038 1500
6.482158 1500
6.482278 1500
6.482399 1500
6.482519 1500
6.482639 1500
6.482759 236
6.519995 1500
6.520115 1500
6.520236 1500
6.520356 1500
6.520476 1500
6.520596 1500
6.520716 1500
6.520836 1500
6.520957 1500
6.521077 1500
6.521197 1016
6.559995 1500
6.560115 1500
6.560236 1500
6.560356 1500
6.560476 1500
6.560596 1500
6.560716 1500
6.560836 1500
6.560956 1500
6.561077 1500
6.561197 136
6.599995 1500
6.600115 1500
6.600235 1500
6.600356 1500
6.600476 1500
6.600596 1500
6.600716 1500
6.600836 1500
6.600956 1500
6.601077 1500
6.601197 1500
6.601317 1500
6.601437 1500
6.601557 1500
6.601677 1500
6.601798 1500
6.601918 1500
6.602038 1500
6.602158 1500
6.602278 1500
6.602398 1500
6.602519 1388
6.639995 1500
6.640115 1500
6.640235 1500
6.640356 1500
6.640476 1500
6.640596 1500
6.640716 1500
6.640836 1500
6.640956 1500
6.641077 1500
6.641197 1500
6.641317 660
6.679995 1500
6.680115 1500
6.680235 1500
6.680356 1500
6.680476 1500
6.680596 1500
6.680716 1500
6.680836 1500
6.680956 1500
6.681077 1500
6.681197 1500
6.681317 828
6.719995 1500
6.720115 1500
6.720235 1500
6.720356 1500
6.720476 1500
6.720596 1500
6.720716 1500
6.720836 1500
6.720956 1500
6.721076 1500
6.721197 1500
6.721317 1500
6.721437 1500
6.721557 1500
6.721677 1500
6.721797 1500
6.721918 1500
6.722038 1500
6.722158 1500
6.722278 1500
6.722398 1500
6.722518 1500
6.722639 1500
6.722759 1500
6.722879 1500
6.722999 1500
6.723119 1500
6.723239 1500
6.723360 1500
6.723480 1500
6.723600 1500
6.723720 1500
6.723840 1500
6.723960 1500
6.724081 1500
6.724201 1500
6.724321 1500
6.724441 1500
6.724561 1500
6.724681 1500
6.724802 1500
6.724922 1500
6.725042 1500
6.725162 1500
6.725282 1500
6.725402 1500
6.725523 1500
6.725643 1500
6.725763 1500
6.725883 1500
6.726003 1500
6.726123 1500
6.726243 1500
6.726364 1500
6.726484 1500
6.726604 1500
6.726724 1500
6.726844 1500
6.726964 1500
6.727085 1500
6.727205 1500
6.727325 1500
6.727445 1500
6.727565 1500
6.727685 1500
6.727806 1500
6.727926 1500
6.728046 1500
6.728166 1500
6.728286 1500
6.728406 1500
6.728527 1500
6.728647 1500
6.728767 1500
6.728887 1500
6.729007 1500
6.729127 1500
6.729248 1500
6.729368 1500
6.729488 1500
6.729608 1500
6.729728 1500
6.729848 1500
6.729969 1500
6.730089 1500
6.730209 1500
6.730329 1496
6.759995 1500
6.760115 1500
6.760235 1500
6.760355 1500
6.760476 1500
6.760596 1500
6.760716 1500
6.760836 1500
6.760956 1500
6.761076 1500
6.761197 872
6.799995 1500
6.800115 1500
6.800235 1500
6.800355 1500
6.800476 1500
6.800596 1500
6.800716 1500
6.800836 1500
6.800956 1500
6.801076 1028
6.839995 1500
6.840115 1500
6.840235 1500
6.840355 1500
6.840476 1500
6.840596 1500
6.840716 1500
6.840836 1500
6.840956 1500
6.841076 1500
6.841197 1500
6.841317 1500
6.841437 1500
6.841557 1500
6.841677 1500
6.841797 1500
6.841918 1500
6.842038 1500
6.842158 1500
6.842278 1500
6.842398 1500
6.842518 1004
6.879995 1500
6.880115 1500
6.880235 1500
6.880355 1500
6.880476 1500
6.880596 1500
6.880716 1500
6.880836 1500
6.880956 1500
6.881076 1500
6.881196 1500
6.881317 660
6.919995 1500
6.920115 1500
6.920235 1500
6.920355 1500
6.920475 1500
6.920596 1500
6.920716 1500
6.920836 1500
6.920956 1500
6.921076 1500
6.921196 1500
6.921317 844
6.959995 1500
6.960115 1500
6.960235 1500
6.960355 1500
6.960475 1500
6.960596 1500
6.960716 1500
6.960836 1500
6.960956 1500
6.961076 1500
6.961196 1500
6.961317 1500
6.961437 1500
6.961557 1500
6.961677 1500
6.961797 1500
6.961917 1500
6.962038 1500
6.962158 1500
6.962278 1500
6.962398 1500
6.962518 1500
6.962638 1500
6.962759 948
6.999995 1500
7.000115 1500
7.000235 1500
7.000355 1500
7.000475 1500
7.000596 1500
7.000716 1500
7.000836 1500
7.000956 1500
7.001076 772
7.039995 1500
7.040115 1500
7.040235 1500
7.040355 1500
7.040475 1500
7.040596 1500
7.040716 1500
7.040836 1500
7.040956 1500
7.041076 1500
7.041196 1500
7.041317 828
7.079995 1500
7.080115 1500
7.080235 1500
7.080355 1500
7.080475 1500
7.080595 1500
7.080716 1500
7.080836 1500
7.080956 1500
7.081076 1500
7.081196 1500
7.081316 1500
7.081437 1500
7.081557 1500
7.081677 1500
7.081797 1500
7.081917 1500
7.082037 1500
7.082158 1500
7.082278 1500
7.082398 1500
7.082518 1500
7.082638 616
7.119995 1500
7.120115 1500
7.120235 1500
7.120355 1500
7.120475 1500
7.120595 1500
7.120716 1500
7.120836 1500
7.120956 1500
7.121076 1500
7.121196 1500
7.121316 1388
7.159995 1500
7.160115 1500
7.160235 1500
7.160355 1500
7.160475 1500
7.160595 1500
7.160716 1500
7.160836 1500
7.160956 1500
7.161076 1500
7.161196 1500
7.161316 1500
7.161437 264
7.199995 1500
7.200115 1500
7.200235 1500
7.200355 1500
7.200475 1500
7.200595 1500
7.200716 1500
7.200836 1500
7.200956 1500
7.201076 1500
7.201196 1500
7.201316 1500
7.201437 1500
7.201557 1500
7.201677 1500
7.201797 1500
7.201917 1500
7.202037 1500
7.202157 1500
7.202278 1500
7.202398 1500
7.202518 1500
7.202638 1500
7.202758 1500
7.202878 1500
7.202999 1500
7.203119 1500
7.203239 1500
7.203359 1500
7.203479 1500
7.203599 1500
7.203720 1500
7.203840 1500
7.203960 1500
7.204080 1500
7.204200 1500
7.204320 1500
7.204441 1500
7.204561 1500
7.204681 1500
7.204801 1500
7.204921 1500
7.205041 1500
7.205162 1500
7.205282 1500
7.205402 1500
7.205522 1500
7.205642 1500
7.205762 1500
7.205883 1500
7.206003 1500
7.206123 1500
7.206243 1500
7.206363 1500
7.206483 1500
7.206604 1500
7.206724 1500
7.206844 1500
7.206964 1500
7.207084 1500
7.207204 1500
7.207325 1500
7.207445 1500
7.207565 1500
7.207685 1500
7.207805 1500
7.207925 1500
7.208045 1500
7.208166 1500
7.208286 1500
7.208406 1500
7.208526 1500
7.208646 1500
7.208766 1500
7.208887 1500
7.209007 1500
7.209127 1500
7.209247 1500
7.209367 1500
7.209487 1500
7.209608 1500
7.209728 1500
7.209848 1500
7.209968 1500
7.210088 1500
7.210208 1500
7.210329 1500
7.210449 1172
7.239995 1500
7.240115 1500
7.240235 1500
7.240355 1500
7.240475 1500
7.240595 1500
7.240716 1500
7.240836 1500
7.240956 1500
7.241076 988
7.279994 1500
7.280115 1500
7.280235 1500
7.280355 1500
7.280475 1500
7.280595 1500
7.280715 1500
7.280836 1500
7.280956 1500
7.281076 1500
7.281196 1136
7.319994 1500
7.320115 1500
7.320235 1500
7.320355 1500
7.320475 1500
7.320595 1500
7.320715 1500
7.320836 1500
7.320956 1500
7.321076 1500
7.321196 1500
7.321316 1500
7.321436 1500
7.321557 1500
7.321677 1500
7.321797 1500
7.321917 1500
7.322037 1500
7.322157 1500
7.322278 1500
7.322398 1500
7.322518 892
7.359994 1500
7.360115 1500
7.360235 1500
7.360355 1500
7.360475 1500
7.360595 1500
7.360715 1500
7.360836 1500
7.360956 1500
7.361076 1500
7.361196 832
7.399994 1500
7.400115 1500
7.400235 1500
7.400355 1500
7.400475 1500
7.400595 1500
7.400715 1500
7.400836 1500
7.400956 1500
7.401076 1500
7.401196 1088
7.439994 1500
7.440114 1500
7.440235 1500
7.440355 1500
7.440475 1500
7.440595 1500
7.440715 1500
7.440835 1500
7.440956 1500
7.441076 1500
7.441196 1500
7.441316 1500
7.441436 1500
7.441556 1500
7.441677 1500
7.441797 1500
7.441917 1500
7.442037 1500
7.442157 1500
7.442277 1500
7.442398 1500
7.442518 1500
7.442638 344
7.479994 1500
7.480114 1500
7.480235 1500
7.480355 1500
7.480475 1500
7.480595 1500
7.480715 1500
7.480835 1500
7.480956 1500
7.481076 1500
7.481196 608
7.519994 1500
7.520114 1500
7.520235 1500
7.520355 1500
7.520475 1500
7.520595 1500
7.520715 1500
7.520835 1500
7.520956 1500
7.521076 1500
7.521196 216
7.559994 1500
7.560114 1500
7.560235 1500
7.560355 1500
7.560475 1500
7.560595 1500
7.560715 1500
7.560835 1500
7.560956 1500
7.561076 1500
7.561196 1500
7.561316 1500
7.561436 1500
7.561556 1500
7.561677 1500
7.561797 1500
7.561917 1500
7.562037 1500
7.562157 1500
7.562277 1500
7.562397 1500
7.562518 1500
7.562638 96
7.599994 1500
7.600114 1500
7.600235 1500
7.600355 1500
7.600475 1500
